3  18.18  55.13
3  47.93  01.22
2  91.39  61.01
5  135.79  49.94
3  16.86  35.40
5  143.93  09.51
4  60.16  60.35
4  97.51  44.64
5  106.07  23.18
1  61.96  88.41
1  51.13  91.20
3  06.98  24.83
1  53.17  99.90
3  05.06  11.87
2  113.04  68.30
2  139.74  75.02
4  92.84  38.62
1  05.17  99.24
2  96.16  74.40
5  101.99  47.81
5  149.42  41.10
4  75.49  40.94
3  28.85  36.31
5  99.90  33.76
4  75.44  32.69
4  87.81  43.86
5  130.41  46.56
2  145.95  91.75
5  105.59  46.74
3  08.39  34.26
2  127.78  74.74
2  104.47  90.25
3  12.50  55.17
2  113.13  81.22
5  131.40  37.72
4  66.07  34.80
5  138.44  26.79
4  90.52  28.40
5  113.11  22.73
2  128.07  82.31
3  14.37  20.14
3  28.23  47.00
1  16.18  82.78
1  45.65  67.26
4  65.53  42.27
3  16.76  47.99
3  15.48  48.11
1  05.69  90.48
4  89.91  30.37
4  91.03  16.21
3  32.83  23.25
4  63.21  45.73
4  83.68  37.60
3  18.36  54.51
1  50.41  63.47
1  17.31  84.51
3  25.22  30.09
5  128.58  50.62
5  102.58  50.02
3  41.45  44.52
4  66.59  26.41
4  69.95  04.80
4  63.74  08.17
1  20.07  92.17
4  69.12  36.40
1  61.48  80.98
5  137.53  37.17
4  81.28  54.39
1  06.99  80.90
2  100.23  69.44
5  140.30  46.41
4  52.79  40.37
2  100.53  99.06
2  119.54  73.89
4  58.88  16.74
2  105.68  78.41
1  27.99  74.75
4  81.32  60.74
4  50.60  31.27
4  88.10  18.42
4  52.62  38.94
4  73.68  33.59
3  40.81  44.61
1  38.70  75.27
3  38.79  29.46
4  71.90  20.68
1  10.59  84.83
4  56.84  13.67
3  18.88  14.91
2  109.01  88.38
3  04.97  07.28
2  144.23  99.67
3  09.81  14.31
5  139.03  18.43
5  129.53  44.23
4  70.12  69.38
2  115.92  69.20
5  114.12  11.90
4  90.46  19.77
2  99.86  90.16
